{"schema_version": 1, "model": "Qwen/Qwen3.6-35B-A3B", "model_type": "qwen3_5_moe", "run_id": "r3", "prompt_id": "code_py_01", "domain": "code_py", "tokens": 17, "num_layers": 40, "num_experts": 256, "top_k": 8, "layers": [{"layer": 0, "logits_shape": [17, 256], "topk_experts": [[188, 92, 112, 238, 66, 106, 144, 43], [136, 14, 241, 56, 228, 78, 15, 95], [134, 36, 81, 175, 191, 254, 136, 177], [211, 62, 70, 134, 174, 151, 75, 36], [49, 233, 85, 165, 11, 128, 22, 93], [234, 144, 211, 92, 62, 111, 163, 186], [218, 212, 1, 65, 3, 136, 33, 157], [62, 41, 134, 151, 207, 36, 29, 211], [211, 151, 70, 62, 174, 159, 134, 178], [117, 121, 187, 172, 146, 4, 11, 171], [212, 218, 136, 1, 65, 33, 122, 207], [62, 41, 151, 134, 207, 187, 36, 29], [151, 211, 70, 159, 174, 62, 134, 178], [172, 117, 121, 63, 40, 185, 46, 11], [144, 188, 111, 172, 92, 186, 121, 50], [211, 62, 151, 75, 223, 124, 222, 231], [135, 249, 79, 197, 105, 114, 48, 230]], "topk_probs": [[0.209774, 0.158346, 0.155891, 0.144175, 0.110543, 0.080875, 0.078387, 0.062009], [0.413022, 0.248561, 0.0859, 0.060913, 0.054602, 0.053755, 0.047439, 0.035809], [0.361638, 0.199716, 0.179024, 0.071211, 0.057219, 0.051291, 0.040575, 0.039326], [0.196823, 0.158152, 0.14857, 0.112146, 0.107011, 0.103719, 0.091531, 0.082048], [0.247363, 0.221735, 0.15971, 0.115035, 0.098394, 0.056946, 0.054339, 0.046478], [0.233663, 0.219506, 0.119343, 0.119343, 0.110374, 0.066945, 0.066945, 0.06388], [0.278756, 0.249875, 0.140167, 0.10747, 0.078627, 0.062199, 0.042749, 0.040159], [0.241123, 0.203046, 0.106998, 0.105339, 0.098957, 0.090101, 0.082038, 0.072398], [0.366369, 0.145731, 0.130633, 0.10016, 0.081748, 0.081748, 0.056184, 0.037427], [0.209714, 0.206463, 0.16851, 0.127198, 0.078365, 0.072475, 0.070246, 0.067029], [0.268138, 0.218848, 0.15763, 0.145784, 0.085702, 0.060772, 0.033041, 0.030084], [0.211556, 0.159691, 0.14769, 0.136591, 0.113238, 0.080297, 0.077827, 0.073112], [0.278795, 0.242221, 0.094855, 0.085028, 0.078638, 0.078638, 0.078638, 0.063187], [0.219118, 0.13928, 0.13712, 0.122914, 0.110179, 0.101899, 0.097233, 0.072257], [0.186326, 0.183437, 0.169652, 0.161883, 0.096665, 0.076468, 0.069625, 0.055945], [0.218061, 0.192439, 0.128192, 0.118558, 0.099836, 0.098288, 0.089492, 0.055135], [0.229993, 0.165658, 0.141694, 0.106957, 0.094389, 0.094389, 0.08867, 0.078251]], "entropy": 4.747186}, {"layer": 1, "logits_shape": [17, 256], "topk_experts": [[214, 112, 19, 86, 167, 224, 198, 128], [234, 40, 96, 209, 134, 94, 171, 16], [254, 193, 101, 149, 51, 9, 48, 33], [235, 193, 254, 107, 102, 69, 123, 33], [107, 193, 169, 66, 133, 171, 57, 203], [193, 198, 76, 61, 164, 3, 133, 195], [183, 153, 166, 40, 193, 98, 209, 48], [101, 193, 116, 41, 178, 175, 205, 254], [193, 206, 230, 101, 44, 253, 17, 80], [43, 13, 169, 66, 193, 158, 81, 133], [166, 190, 98, 82, 6, 183, 193, 95], [101, 6, 193, 178, 88, 116, 175, 8], [230, 206, 44, 193, 253, 101, 10, 254], [223, 13, 43, 169, 66, 133, 158, 193], [53, 79, 198, 98, 193, 37, 134, 223], [153, 193, 178, 48, 98, 175, 67, 245], [225, 11, 27, 193, 231, 139, 67, 244]], "topk_probs": [[0.337417, 0.235555, 0.124129, 0.086656, 0.057725, 0.053387, 0.053387, 0.051745], [0.241374, 0.182199, 0.17116, 0.141896, 0.072474, 0.064965, 0.062966, 0.062966], [0.316476, 0.129881, 0.111093, 0.109371, 0.102745, 0.087882, 0.07517, 0.067382], [0.489788, 0.167949, 0.137076, 0.045915, 0.045915, 0.041806, 0.036893, 0.034658], [0.212708, 0.20941, 0.129014, 0.129014, 0.123106, 0.092925, 0.056362, 0.047462], [0.183807, 0.162209, 0.152381, 0.147693, 0.138745, 0.093879, 0.062537, 0.058748], [0.218356, 0.167419, 0.150074, 0.140981, 0.111525, 0.085509, 0.064546, 0.06159], [0.333834, 0.21554, 0.095645, 0.094162, 0.088457, 0.059853, 0.058012, 0.054497], [0.226354, 0.168212, 0.155571, 0.117431, 0.098887, 0.095844, 0.075819, 0.061882], [0.324661, 0.179295, 0.131175, 0.113967, 0.071319, 0.062938, 0.061963, 0.054682], [0.179609, 0.176825, 0.168727, 0.117791, 0.108939, 0.086177, 0.082231, 0.079701], [0.283185, 0.171761, 0.161354, 0.109178, 0.076218, 0.073873, 0.063187, 0.061243], [0.193422, 0.184564, 0.137157, 0.128847, 0.101926, 0.092805, 0.0819, 0.07938], [0.2343, 0.210025, 0.135602, 0.13143, 0.084858, 0.077264, 0.072583, 0.053939], [0.287254, 0.24957, 0.127468, 0.116061, 0.065104, 0.053137, 0.050703, 0.050703], [0.215427, 0.181408, 0.15276, 0.143505, 0.103363, 0.085691, 0.060764, 0.057082], [0.182088, 0.153334, 0.153334, 0.12912, 0.117565, 0.105385, 0.082074, 0.077101]], "entropy": 4.917534}, {"layer": 2, "logits_shape": [17, 256], "topk_experts": [[11, 60, 92, 217, 58, 255, 187, 49], [39, 106, 36, 158, 80, 20, 197, 217], [39, 158, 223, 182, 106, 184, 153, 95], [80, 158, 3, 153, 66, 39, 111, 156], [253, 158, 169, 238, 149, 39, 20, 224], [92, 150, 110, 158, 230, 253, 86, 89], [245, 96, 158, 125, 232, 2, 247, 95], [48, 96, 139, 193, 182, 158, 141, 95], [141, 137, 96, 116, 2, 235, 97, 35], [249, 164, 232, 141, 169, 2, 107, 158], [95, 125, 13, 185, 47, 158, 178, 232], [182, 95, 96, 139, 47, 97, 185, 141], [141, 137, 235, 116, 96, 95, 160, 2], [107, 158, 22, 90, 164, 35, 232, 180], [147, 101, 158, 201, 150, 56, 92, 115], [115, 147, 187, 56, 216, 228, 158, 32], [141, 158, 175, 137, 37, 162, 35, 40]], "topk_probs": [[0.258768, 0.156951, 0.14069, 0.120338, 0.08401, 0.080162, 0.080162, 0.07892], [0.478771, 0.122959, 0.084508, 0.076946, 0.073422, 0.060869, 0.052064, 0.050462], [0.325259, 0.221807, 0.19271, 0.095398, 0.046493, 0.045773, 0.038544, 0.034015], [0.331014, 0.188606, 0.144609, 0.102543, 0.081118, 0.05663, 0.049976, 0.045503], [0.312355, 0.169824, 0.12232, 0.092332, 0.080219, 0.078976, 0.075359, 0.068615], [0.358466, 0.236932, 0.101903, 0.075728, 0.070037, 0.059906, 0.048894, 0.048136], [0.484392, 0.127352, 0.084835, 0.06607, 0.065045, 0.060157, 0.056512, 0.055636], [0.270074, 0.265887, 0.234644, 0.058408, 0.052356, 0.049959, 0.034336, 0.034336], [0.454729, 0.271531, 0.069735, 0.049449, 0.042962, 0.040359, 0.035617, 0.035617], [0.248262, 0.155358, 0.137103, 0.106776, 0.100307, 0.085797, 0.085797, 0.080599], [0.546102, 0.129711, 0.090553, 0.06625, 0.049233, 0.041458, 0.038946, 0.037748], [0.303522, 0.205374, 0.181242, 0.136808, 0.053575, 0.041077, 0.039813, 0.038589], [0.507127, 0.23218, 0.052622, 0.050212, 0.042949, 0.039105, 0.037902, 0.037902], [0.260933, 0.165859, 0.139668, 0.105427, 0.090176, 0.086047, 0.077132, 0.074759], [0.415412, 0.133815, 0.094889, 0.09197, 0.075063, 0.072754, 0.060315, 0.055782], [0.229343, 0.208819, 0.150407, 0.118982, 0.081775, 0.079259, 0.065708, 0.065708], [0.231258, 0.204084, 0.133842, 0.123783, 0.10262, 0.07164, 0.07053, 0.062242]], "entropy": 4.763451}, {"layer": 3, "logits_shape": [17, 256], "topk_experts": [[25, 225, 162, 191, 214, 199, 159, 197], [25, 173, 225, 199, 159, 75, 166, 4], [199, 36, 225, 163, 167, 25, 166, 113], [109, 199, 225, 227, 79, 228, 163, 25], [119, 171, 225, 55, 199, 228, 75, 27], [199, 201, 163, 225, 224, 113, 56, 30], [192, 199, 9, 201, 143, 254, 217, 153], [167, 163, 72, 192, 70, 217, 10, 243], [192, 163, 162, 239, 199, 79, 72, 166], [170, 192, 166, 111, 72, 201, 27, 221], [255, 247, 218, 113, 192, 199, 202, 166], [189, 243, 218, 72, 167, 255, 15, 154], [192, 162, 239, 32, 79, 172, 218, 200], [199, 92, 166, 30, 228, 177, 201, 192], [14, 148, 199, 15, 113, 177, 213, 30], [197, 69, 93, 243, 56, 16, 167, 201], [133, 199, 187, 235, 69, 192, 242, 93]], "topk_probs": [[0.289431, 0.138871, 0.106476, 0.1032, 0.096947, 0.093964, 0.085556, 0.085556], [0.241647, 0.151219, 0.135552, 0.135552, 0.112376, 0.087519, 0.082216, 0.053919], [0.365199, 0.153432, 0.125227, 0.091618, 0.082126, 0.079599, 0.052202, 0.050596], [0.25048, 0.221048, 0.123997, 0.10773, 0.078817, 0.078817, 0.069556, 0.069556], [0.234138, 0.144248, 0.135509, 0.123382, 0.108884, 0.09169, 0.086135, 0.076014], [0.222136, 0.170318, 0.134732, 0.128562, 0.106582, 0.091164, 0.073253, 0.073253], [0.323596, 0.155263, 0.101824, 0.098691, 0.085744, 0.085744, 0.084415, 0.064723], [0.316489, 0.147181, 0.129887, 0.10768, 0.099588, 0.090675, 0.057637, 0.050864], [0.40563, 0.112639, 0.110893, 0.097863, 0.082409, 0.06418, 0.06418, 0.062205], [0.211712, 0.175516, 0.12253, 0.11876, 0.11876, 0.086887, 0.084213, 0.081622], [0.153618, 0.148892, 0.135568, 0.12936, 0.114159, 0.107243, 0.10558, 0.10558], [0.459391, 0.09935, 0.089057, 0.086317, 0.083661, 0.067224, 0.0575, 0.0575], [0.403854, 0.148569, 0.091531, 0.091531, 0.073547, 0.066966, 0.064905, 0.059097], [0.194683, 0.180052, 0.123748, 0.112674, 0.102591, 0.099434, 0.09341, 0.09341], [0.245724, 0.216851, 0.156192, 0.104046, 0.083604, 0.06931, 0.063107, 0.061166], [0.254904, 0.235747, 0.162027, 0.078965, 0.071899, 0.067543, 0.065465, 0.063451], [0.27294, 0.18468, 0.16298, 0.11739, 0.094326, 0.06186, 0.052912, 0.052912]], "entropy": 5.107433}, {"layer": 4, "logits_shape": [17, 256], "topk_experts": [[98, 88, 195, 154, 94, 233, 172, 87], [98, 192, 253, 195, 89, 88, 154, 156], [195, 154, 253, 175, 192, 233, 134, 28], [28, 195, 253, 154, 175, 121, 134, 57], [154, 228, 122, 195, 253, 65, 152, 61], [134, 195, 233, 94, 28, 154, 152, 132], [123, 134, 152, 216, 182, 2, 165, 145], [134, 195, 149, 233, 239, 132, 123, 10], [123, 44, 134, 175, 221, 195, 28, 77], [123, 55, 119, 8, 152, 134, 2, 228], [123, 180, 152, 134, 2, 133, 121, 55], [239, 149, 134, 244, 175, 253, 28, 123], [44, 123, 221, 134, 175, 244, 28, 187], [8, 155, 139, 228, 134, 152, 123, 65], [8, 155, 139, 94, 152, 98, 133, 71], [28, 175, 134, 121, 233, 155, 132, 251], [142, 241, 134, 13, 129, 108, 154, 28]], "topk_probs": [[0.234072, 0.230443, 0.158381, 0.105504, 0.082167, 0.075992, 0.062023, 0.051419], [0.193537, 0.170796, 0.133016, 0.133016, 0.115566, 0.098849, 0.094322, 0.060899], [0.531089, 0.173772, 0.083377, 0.079559, 0.044628, 0.043255, 0.023888, 0.020432], [0.226637, 0.173769, 0.16071, 0.150973, 0.12322, 0.060999, 0.054679, 0.049014], [0.200009, 0.200009, 0.163243, 0.160712, 0.095965, 0.079558, 0.052997, 0.047506], [0.237501, 0.193843, 0.179275, 0.160701, 0.070205, 0.064929, 0.047503, 0.046042], [0.373138, 0.155547, 0.128953, 0.083258, 0.080697, 0.075807, 0.052102, 0.050499], [0.17047, 0.145811, 0.136977, 0.126683, 0.117162, 0.113558, 0.110064, 0.079276], [0.358754, 0.193533, 0.128921, 0.115564, 0.080677, 0.048933, 0.042514, 0.031104], [0.309103, 0.165451, 0.121046, 0.11195, 0.105167, 0.103536, 0.047402, 0.036345], [0.570303, 0.108844, 0.074807, 0.072506, 0.061056, 0.043977, 0.034789, 0.033718], [0.195688, 0.178176, 0.170017, 0.167381, 0.095371, 0.07199, 0.063531, 0.057845], [0.255054, 0.204942, 0.140854, 0.106322, 0.099881, 0.096808, 0.051817, 0.044322], [0.209523, 0.203076, 0.193777, 0.135278, 0.084655, 0.068022, 0.058182, 0.047487], [0.320402, 0.291729, 0.076699, 0.07551, 0.072052, 0.069835, 0.047253, 0.04652], [0.335949, 0.177033, 0.16119, 0.086279, 0.084941, 0.053155, 0.051519, 0.049934], [0.25388, 0.156411, 0.129669, 0.109193, 0.104192, 0.102577, 0.079887, 0.064191]], "entropy": 4.766285}, {"layer": 5, "logits_shape": [17, 256], "topk_experts": [[110, 64, 15, 60, 166, 159, 56, 13], [159, 165, 174, 110, 166, 158, 153, 251], [153, 159, 251, 110, 60, 151, 120, 77], [153, 251, 159, 60, 50, 151, 201, 58], [61, 153, 251, 159, 110, 151, 249, 50], [60, 251, 222, 61, 58, 110, 23, 115], [23, 213, 19, 80, 58, 222, 31, 60], [222, 80, 42, 23, 60, 234, 110, 19], [222, 95, 80, 19, 58, 134, 42, 60], [80, 23, 19, 58, 61, 0, 222, 210], [213, 23, 31, 3, 223, 80, 222, 19], [222, 164, 60, 190, 95, 111, 58, 42], [222, 134, 95, 3, 58, 111, 80, 164], [18, 23, 222, 251, 161, 153, 61, 194], [9, 18, 153, 251, 222, 12, 81, 194], [60, 58, 12, 9, 222, 164, 77, 251], [58, 12, 104, 251, 50, 193, 9, 128]], "topk_probs": [[0.264245, 0.148228, 0.14144, 0.14144, 0.134963, 0.057147, 0.057147, 0.055389], [0.361808, 0.143917, 0.105292, 0.102053, 0.085937, 0.07014, 0.067982, 0.062873], [0.234272, 0.206744, 0.146603, 0.100759, 0.087541, 0.079707, 0.077255, 0.06712], [0.255165, 0.192609, 0.154765, 0.092415, 0.088183, 0.086816, 0.065532, 0.064516], [0.339507, 0.290396, 0.101939, 0.098802, 0.046671, 0.043843, 0.042494, 0.036347], [0.360388, 0.118843, 0.111643, 0.108208, 0.094013, 0.080413, 0.072082, 0.05441], [0.22633, 0.202881, 0.187634, 0.091446, 0.087258, 0.074636, 0.073479, 0.056338], [0.428579, 0.233014, 0.071065, 0.063703, 0.061743, 0.053643, 0.044472, 0.043782], [0.217059, 0.163845, 0.151532, 0.127603, 0.112609, 0.090484, 0.072706, 0.064163], [0.215289, 0.17299, 0.139001, 0.104924, 0.101695, 0.095534, 0.092595, 0.077973], [0.205595, 0.19927, 0.160118, 0.150417, 0.08178, 0.073307, 0.073307, 0.056207], [0.240221, 0.170342, 0.113473, 0.108276, 0.101716, 0.098587, 0.085654, 0.081731], [0.187841, 0.133199, 0.131134, 0.1271, 0.115726, 0.107029, 0.098985, 0.098985], [0.274042, 0.15134, 0.11972, 0.116037, 0.112467, 0.081007, 0.076099, 0.069289], [0.199662, 0.178976, 0.173469, 0.128911, 0.089995, 0.083231, 0.081941, 0.063816], [0.240432, 0.222363, 0.178674, 0.119022, 0.061748, 0.061748, 0.058007, 0.058007], [0.278196, 0.144326, 0.142089, 0.105591, 0.088917, 0.088917, 0.084845, 0.067118]], "entropy": 4.933556}, {"layer": 6, "logits_shape": [17, 256], "topk_experts": [[110, 138, 40, 46, 91, 24, 254, 173], [138, 196, 79, 77, 232, 22, 65, 133], [196, 138, 79, 15, 210, 168, 52, 43], [196, 12, 79, 210, 40, 36, 233, 183], [196, 90, 79, 138, 40, 12, 44, 15], [12, 125, 196, 40, 30, 92, 7, 235], [125, 12, 196, 39, 34, 30, 240, 92], [12, 152, 211, 125, 7, 39, 98, 76], [12, 125, 152, 240, 39, 43, 30, 210], [125, 12, 92, 196, 3, 43, 39, 90], [125, 12, 43, 196, 39, 129, 91, 152], [12, 152, 125, 91, 98, 39, 237, 43], [12, 125, 152, 43, 30, 91, 240, 123], [125, 196, 114, 3, 12, 43, 16, 90], [175, 16, 18, 114, 125, 12, 196, 3], [210, 12, 18, 175, 113, 168, 82, 125], [175, 18, 255, 210, 12, 113, 43, 125]], "topk_probs": [[0.250731, 0.246844, 0.130078, 0.128061, 0.075283, 0.065407, 0.054224, 0.049372], [0.390156, 0.136957, 0.12866, 0.098647, 0.068867, 0.058905, 0.058905, 0.058905], [0.379106, 0.193628, 0.123078, 0.07465, 0.066916, 0.062862, 0.053769, 0.045991], [0.342605, 0.224686, 0.095138, 0.07526, 0.074094, 0.071814, 0.060473, 0.055929], [0.252392, 0.199659, 0.190516, 0.101976, 0.09285, 0.088598, 0.039315, 0.034695], [0.214082, 0.174729, 0.159093, 0.118228, 0.104335, 0.086497, 0.078757, 0.064279], [0.285753, 0.219094, 0.160293, 0.110168, 0.070027, 0.062772, 0.047382, 0.044512], [0.213699, 0.191558, 0.185665, 0.110865, 0.093358, 0.082388, 0.06219, 0.060277], [0.437706, 0.101556, 0.092468, 0.089623, 0.086865, 0.072014, 0.064553, 0.055215], [0.236944, 0.19039, 0.130853, 0.124861, 0.097242, 0.084485, 0.083175, 0.05205], [0.264018, 0.178644, 0.12278, 0.103391, 0.094139, 0.091242, 0.083077, 0.06271], [0.208781, 0.19922, 0.152747, 0.134799, 0.128626, 0.059817, 0.059817, 0.056193], [0.410486, 0.171116, 0.102178, 0.100594, 0.070226, 0.053009, 0.049798, 0.042594], [0.266914, 0.164441, 0.152083, 0.130084, 0.099739, 0.068549, 0.059557, 0.058633], [0.186408, 0.180673, 0.175114, 0.096707, 0.095208, 0.093732, 0.08944, 0.082718], [0.176174, 0.170753, 0.1655, 0.139365, 0.108537, 0.097292, 0.072302, 0.070077], [0.172393, 0.147456, 0.140703, 0.140703, 0.136374, 0.118484, 0.075313, 0.068573]], "entropy": 4.91192}, {"layer": 7, "logits_shape": [17, 256], "topk_experts": [[221, 191, 112, 200, 142, 39, 241, 148], [147, 36, 35, 221, 229, 184, 116, 191], [147, 185, 175, 78, 36, 229, 35, 221], [175, 147, 185, 245, 78, 36, 116, 57], [147, 185, 36, 78, 131, 75, 184, 245], [75, 78, 245, 185, 175, 147, 181, 57], [78, 61, 245, 75, 185, 147, 36, 175], [75, 161, 57, 78, 142, 166, 159, 185], [175, 78, 223, 142, 38, 245, 185, 81], [181, 78, 133, 147, 185, 36, 243, 142], [61, 133, 142, 78, 57, 185, 4, 245], [57, 142, 161, 78, 145, 159, 133, 75], [142, 175, 57, 245, 78, 38, 133, 145], [147, 78, 44, 36, 185, 133, 187, 19], [88, 185, 36, 187, 158, 181, 78, 147], [175, 88, 185, 246, 245, 19, 81, 57], [185, 175, 88, 57, 78, 245, 81, 184]], "topk_probs": [[0.350162, 0.260218, 0.139285, 0.105138, 0.07226, 0.030122, 0.029655, 0.01316], [0.266952, 0.159404, 0.124144, 0.10454, 0.096684, 0.086667, 0.082698, 0.078911], [0.235252, 0.207609, 0.161686, 0.114653, 0.09505, 0.06954, 0.058559, 0.057651], [0.189396, 0.183568, 0.149824, 0.11134, 0.102973, 0.099804, 0.085367, 0.077728], [0.258907, 0.186484, 0.118536, 0.106255, 0.096747, 0.090885, 0.077738, 0.064447], [0.571305, 0.091817, 0.073777, 0.061163, 0.058363, 0.056567, 0.046896, 0.040112], [0.167549, 0.162395, 0.152556, 0.141091, 0.128465, 0.088292, 0.082943, 0.07671], [0.231646, 0.1405, 0.125944, 0.114673, 0.104411, 0.101199, 0.095067, 0.08656], [0.193963, 0.185081, 0.146411, 0.131242, 0.117645, 0.107117, 0.062971, 0.055571], [0.208527, 0.175597, 0.130493, 0.111617, 0.109886, 0.092533, 0.089686, 0.08166], [0.299764, 0.290541, 0.113777, 0.101989, 0.058112, 0.046694, 0.045258, 0.043865], [0.267748, 0.157401, 0.115157, 0.111614, 0.111614, 0.095468, 0.074351, 0.066648], [0.237342, 0.139526, 0.135233, 0.121222, 0.112112, 0.108663, 0.092944, 0.052958], [0.200565, 0.185492, 0.166274, 0.123564, 0.117906, 0.074946, 0.066139, 0.065114], [0.223857, 0.197553, 0.117965, 0.116136, 0.093318, 0.093318, 0.086305, 0.071549], [0.297595, 0.224637, 0.138395, 0.090761, 0.085262, 0.061412, 0.053356, 0.048581], [0.26229, 0.180269, 0.131888, 0.09801, 0.096491, 0.094995, 0.077533, 0.058525]], "entropy": 4.921717}, {"layer": 8, "logits_shape": [17, 256], "topk_experts": [[123, 175, 217, 127, 17, 139, 223, 157], [123, 157, 191, 107, 180, 110, 52, 220], [123, 23, 72, 180, 107, 52, 191, 16], [123, 72, 195, 133, 180, 107, 191, 217], [180, 23, 72, 123, 4, 191, 52, 224], [72, 148, 123, 16, 23, 50, 247, 1], [157, 247, 148, 72, 123, 22, 133, 151], [148, 72, 247, 22, 123, 50, 172, 16], [148, 72, 22, 247, 50, 16, 195, 133], [148, 247, 72, 112, 22, 120, 212, 16], [157, 148, 247, 135, 22, 145, 72, 50], [148, 216, 22, 72, 16, 21, 62, 145], [216, 148, 50, 22, 72, 145, 16, 121], [38, 148, 180, 23, 212, 72, 52, 107], [38, 49, 148, 72, 23, 133, 212, 107], [148, 22, 240, 49, 16, 72, 133, 152], [148, 72, 23, 234, 49, 133, 22, 116]], "topk_probs": [[0.189633, 0.172663, 0.159687, 0.145396, 0.122436, 0.079051, 0.067616, 0.063519], [0.217384, 0.197931, 0.154149, 0.125812, 0.096464, 0.078731, 0.065271, 0.064259], [0.393498, 0.160235, 0.103455, 0.083129, 0.074516, 0.070001, 0.058033, 0.057133], [0.305444, 0.148861, 0.110624, 0.097626, 0.094622, 0.082209, 0.080934, 0.07968], [0.360302, 0.17153, 0.09039, 0.082301, 0.079769, 0.073774, 0.07263, 0.069304], [0.314445, 0.146231, 0.137371, 0.088693, 0.082028, 0.079504, 0.075864, 0.075864], [0.220126, 0.197319, 0.146635, 0.146635, 0.127399, 0.055657, 0.053944, 0.052284], [0.306255, 0.13804, 0.123738, 0.116241, 0.087744, 0.082427, 0.075051, 0.070504], [0.226376, 0.199776, 0.173568, 0.092904, 0.090046, 0.085922, 0.072354, 0.059054], [0.331749, 0.204385, 0.125918, 0.076373, 0.075189, 0.072876, 0.056756, 0.056756], [0.207055, 0.200685, 0.174358, 0.093327, 0.09188, 0.083658, 0.078589, 0.070447], [0.25073, 0.221268, 0.169652, 0.099733, 0.096665, 0.056826, 0.053383, 0.051741], [0.232256, 0.183729, 0.145342, 0.14087, 0.124318, 0.070834, 0.056917, 0.045734], [0.206911, 0.158644, 0.140003, 0.116067, 0.109035, 0.10568, 0.093262, 0.070398], [0.276549, 0.162575, 0.157573, 0.098607, 0.095573, 0.08839, 0.063665, 0.057069], [0.310653, 0.163703, 0.158666, 0.137851, 0.072643, 0.070408, 0.04839, 0.037686], [0.23219, 0.218122, 0.104656, 0.104656, 0.104656, 0.098315, 0.077774, 0.059631]], "entropy": 5.045212}, {"layer": 9, "logits_shape": [17, 256], "topk_experts": [[72, 95, 122, 210, 246, 12, 194, 45], [95, 156, 45, 120, 47, 198, 161, 73], [95, 1, 161, 44, 45, 207, 229, 99], [95, 221, 99, 1, 44, 229, 161, 58], [95, 217, 255, 161, 99, 207, 1, 97], [95, 1, 22, 99, 221, 120, 243, 254], [99, 22, 95, 160, 1, 44, 58, 243], [99, 58, 201, 95, 243, 214, 1, 221], [99, 1, 221, 58, 22, 95, 44, 134], [99, 19, 22, 95, 206, 1, 178, 243], [99, 22, 58, 95, 1, 148, 221, 240], [99, 1, 243, 201, 58, 95, 134, 221], [99, 58, 221, 1, 95, 201, 210, 44], [99, 95, 239, 178, 98, 9, 240, 207], [99, 120, 178, 95, 207, 98, 1, 58], [1, 99, 251, 44, 243, 58, 134, 95], [1, 99, 29, 95, 69, 161, 44, 94]], "topk_probs": [[0.2149, 0.150025, 0.145409, 0.13875, 0.136599, 0.079057, 0.068686, 0.066573], [0.264002, 0.196189, 0.196189, 0.092673, 0.064696, 0.064696, 0.060777, 0.060777], [0.424297, 0.181068, 0.09248, 0.088245, 0.06766, 0.050281, 0.048734, 0.047234], [0.285991, 0.157939, 0.13722, 0.10855, 0.098836, 0.073449, 0.070085, 0.067929], [0.180414, 0.177617, 0.149568, 0.142719, 0.127933, 0.095071, 0.064329, 0.062349], [0.201735, 0.186574, 0.162098, 0.143051, 0.114945, 0.082792, 0.057798, 0.051007], [0.277297, 0.179036, 0.165581, 0.150763, 0.08326, 0.052102, 0.04598, 0.04598], [0.269425, 0.131307, 0.129272, 0.108858, 0.093111, 0.091667, 0.090246, 0.086114], [0.256512, 0.150796, 0.14389, 0.137301, 0.095852, 0.085921, 0.065878, 0.063851], [0.228793, 0.192663, 0.164793, 0.122464, 0.106399, 0.084168, 0.061579, 0.039142], [0.258359, 0.147209, 0.129911, 0.123962, 0.092121, 0.090693, 0.089287, 0.068458], [0.312057, 0.140655, 0.118443, 0.102905, 0.099739, 0.090814, 0.072971, 0.062415], [0.200165, 0.194006, 0.153472, 0.131271, 0.082148, 0.082148, 0.07962, 0.07717], [0.28212, 0.163279, 0.153386, 0.151008, 0.080829, 0.058219, 0.057316, 0.053844], [0.25071, 0.149706, 0.1451, 0.132115, 0.102891, 0.0853, 0.076462, 0.057717], [0.389414, 0.205207, 0.079114, 0.07668, 0.072034, 0.06357, 0.057881, 0.0561], [0.317517, 0.157182, 0.1263, 0.10803, 0.080281, 0.075417, 0.069749, 0.065523]], "entropy": 5.018089}, {"layer": 10, "logits_shape": [17, 256], "topk_experts": [[175, 120, 14, 249, 100, 183, 179, 203], [247, 187, 234, 68, 12, 243, 124, 111], [247, 59, 12, 132, 146, 124, 116, 20], [136, 242, 133, 247, 12, 40, 199, 124], [247, 133, 124, 62, 12, 234, 132, 217], [207, 217, 124, 116, 149, 40, 136, 86], [61, 76, 12, 183, 124, 98, 217, 195], [231, 76, 233, 11, 123, 133, 61, 124], [61, 242, 19, 192, 123, 11, 124, 231], [207, 163, 124, 12, 19, 217, 61, 116], [12, 80, 175, 227, 183, 10, 226, 124], [227, 233, 175, 12, 11, 124, 116, 61], [61, 227, 175, 12, 11, 242, 192, 219], [163, 207, 175, 40, 247, 124, 132, 253], [217, 175, 124, 40, 247, 116, 132, 208], [116, 149, 146, 217, 132, 70, 207, 233], [169, 132, 149, 116, 124, 247, 217, 137]], "topk_probs": [[0.432172, 0.390435, 0.037469, 0.030107, 0.030107, 0.029181, 0.029181, 0.021349], [0.300888, 0.188291, 0.125429, 0.100785, 0.080983, 0.070359, 0.068194, 0.065072], [0.221127, 0.192119, 0.127979, 0.112941, 0.11119, 0.092179, 0.071789, 0.070676], [0.176033, 0.162804, 0.155349, 0.128789, 0.111894, 0.098746, 0.085792, 0.080594], [0.302382, 0.18056, 0.122173, 0.098169, 0.096647, 0.075269, 0.0624, 0.0624], [0.221925, 0.164921, 0.154929, 0.120659, 0.091078, 0.08556, 0.084233, 0.076695], [0.327833, 0.152456, 0.130403, 0.098433, 0.089624, 0.073149, 0.072015, 0.056086], [0.19683, 0.160648, 0.135279, 0.113917, 0.1087, 0.105356, 0.095927, 0.083343], [0.276004, 0.132428, 0.113272, 0.111516, 0.098412, 0.095385, 0.093906, 0.079077], [0.25094, 0.24705, 0.122299, 0.095246, 0.075346, 0.071896, 0.069684, 0.06754], [0.190868, 0.158235, 0.135346, 0.11759, 0.105407, 0.10058, 0.097486, 0.094487], [0.178736, 0.170551, 0.155288, 0.103444, 0.10184, 0.098707, 0.098707, 0.092727], [0.259404, 0.136697, 0.126424, 0.118764, 0.116923, 0.092494, 0.081625, 0.06767], [0.169298, 0.161545, 0.161545, 0.125811, 0.123861, 0.114553, 0.072814, 0.070574], [0.181995, 0.141738, 0.13315, 0.121235, 0.110385, 0.110385, 0.103697, 0.097415], [0.217244, 0.191717, 0.121863, 0.114479, 0.102619, 0.096401, 0.093435, 0.062241], [0.202383, 0.141286, 0.122752, 0.110034, 0.110034, 0.108328, 0.104995, 0.100187]], "entropy": 4.903205}, {"layer": 11, "logits_shape": [17, 256], "topk_experts": [[180, 41, 246, 96, 152, 149, 143, 46], [27, 64, 107, 213, 3, 153, 130, 88], [37, 107, 60, 204, 12, 141, 71, 98], [173, 204, 107, 76, 239, 220, 150, 12], [142, 107, 204, 193, 150, 173, 12, 148], [153, 107, 54, 61, 97, 101, 114, 102], [54, 158, 97, 215, 78, 96, 61, 107], [226, 97, 96, 54, 37, 138, 158, 102], [215, 96, 180, 226, 218, 97, 117, 61], [54, 116, 97, 18, 107, 142, 230, 130], [72, 54, 97, 78, 80, 101, 158, 75], [97, 164, 54, 226, 140, 230, 83, 61], [215, 96, 164, 220, 97, 72, 218, 54], [142, 107, 20, 97, 170, 79, 101, 61], [130, 79, 153, 101, 142, 247, 18, 97], [97, 230, 63, 79, 37, 164, 223, 141], [79, 174, 189, 19, 63, 97, 230, 167]], "topk_probs": [[0.732725, 0.077834, 0.045756, 0.042318, 0.026899, 0.026899, 0.025269, 0.0223], [0.216832, 0.176973, 0.171528, 0.119746, 0.096219, 0.084913, 0.07263, 0.06116], [0.242476, 0.156554, 0.123845, 0.114537, 0.107598, 0.101079, 0.07996, 0.073951], [0.551362, 0.124963, 0.080682, 0.054592, 0.048936, 0.048936, 0.045971, 0.044557], [0.213952, 0.210635, 0.129769, 0.123826, 0.096436, 0.086445, 0.070554, 0.068383], [0.228566, 0.178007, 0.118578, 0.111394, 0.109667, 0.103023, 0.07656, 0.074204], [0.209769, 0.148749, 0.13757, 0.123317, 0.11767, 0.093085, 0.090221, 0.079619], [0.571776, 0.155098, 0.074417, 0.041744, 0.04046, 0.039833, 0.039833, 0.036839], [0.181765, 0.170753, 0.153062, 0.126893, 0.101961, 0.10038, 0.084529, 0.080658], [0.160646, 0.153289, 0.150913, 0.144002, 0.108698, 0.108698, 0.092975, 0.080778], [0.357576, 0.166288, 0.135721, 0.090409, 0.069319, 0.067187, 0.061174, 0.052325], [0.366976, 0.187433, 0.101906, 0.079364, 0.07573, 0.066831, 0.062782, 0.058978], [0.193877, 0.144077, 0.131183, 0.123235, 0.119444, 0.107069, 0.099022, 0.082093], [0.213331, 0.156076, 0.137737, 0.123466, 0.115986, 0.09767, 0.087551, 0.068185], [0.309497, 0.219466, 0.158076, 0.082009, 0.080737, 0.053783, 0.04897, 0.047463], [0.253283, 0.234249, 0.114164, 0.110651, 0.108936, 0.083524, 0.04834, 0.046853], [0.228915, 0.189777, 0.178279, 0.109834, 0.106455, 0.081622, 0.057879, 0.047239]], "entropy": 4.79311}, {"layer": 12, "logits_shape": [17, 256], "topk_experts": [[4, 124, 68, 77, 24, 52, 216, 167], [221, 60, 169, 39, 16, 199, 1, 68], [221, 1, 145, 167, 15, 68, 39, 166], [68, 221, 167, 15, 116, 157, 13, 208], [221, 15, 167, 116, 1, 145, 43, 68], [221, 1, 21, 116, 146, 15, 9, 38], [106, 13, 116, 221, 99, 100, 9, 146], [100, 146, 174, 166, 50, 216, 158, 185], [68, 91, 124, 10, 52, 167, 158, 185], [21, 15, 67, 185, 116, 10, 144, 2], [88, 185, 21, 10, 157, 184, 144, 91], [185, 166, 142, 10, 110, 100, 21, 91], [124, 142, 185, 10, 91, 211, 21, 120], [15, 67, 116, 128, 21, 178, 43, 10], [116, 39, 144, 79, 32, 239, 189, 88], [21, 116, 50, 10, 185, 13, 157, 96], [32, 116, 239, 39, 128, 15, 1, 157]], "topk_probs": [[0.488787, 0.298789, 0.060703, 0.031492, 0.031004, 0.03005, 0.03005, 0.029125], [0.393623, 0.121939, 0.094966, 0.085127, 0.081229, 0.076307, 0.075124, 0.071684], [0.26904, 0.135282, 0.110414, 0.107017, 0.100533, 0.095929, 0.094442, 0.087344], [0.208358, 0.178218, 0.145458, 0.118719, 0.104769, 0.101546, 0.073141, 0.069791], [0.220477, 0.213694, 0.104146, 0.102531, 0.100942, 0.093356, 0.085002, 0.079852], [0.18107, 0.13456, 0.132474, 0.132474, 0.128398, 0.111554, 0.093938, 0.085532], [0.273344, 0.121296, 0.117564, 0.10375, 0.100558, 0.097464, 0.094465, 0.091559], [0.275717, 0.134374, 0.116746, 0.116746, 0.09831, 0.092354, 0.086758, 0.078994], [0.241178, 0.158169, 0.155716, 0.100538, 0.091541, 0.088725, 0.083349, 0.080785], [0.245586, 0.156104, 0.153684, 0.110694, 0.100788, 0.080986, 0.076079, 0.076079], [0.220732, 0.164034, 0.140305, 0.12775, 0.099491, 0.087801, 0.079944, 0.079944], [0.328703, 0.157713, 0.134899, 0.124762, 0.085747, 0.060804, 0.055363, 0.052008], [0.186304, 0.172303, 0.147379, 0.109523, 0.106153, 0.096653, 0.09368, 0.088004], [0.238019, 0.206794, 0.148948, 0.108973, 0.084868, 0.082257, 0.065071, 0.065071], [0.204667, 0.164455, 0.132143, 0.099747, 0.099747, 0.099747, 0.099747, 0.099747], [0.224733, 0.20145, 0.15936, 0.107828, 0.086642, 0.083977, 0.076462, 0.059548], [0.21774, 0.198255, 0.122141, 0.112962, 0.101259, 0.092197, 0.081364, 0.074082]], "entropy": 5.028323}, {"layer": 13, "logits_shape": [17, 256], "topk_experts": [[231, 119, 132, 221, 167, 177, 161, 216], [42, 47, 202, 154, 219, 243, 180, 175], [47, 42, 212, 202, 219, 93, 78, 180], [180, 212, 47, 45, 78, 130, 42, 194], [180, 212, 47, 45, 78, 130, 108, 93], [132, 83, 180, 47, 212, 208, 45, 130], [83, 42, 180, 47, 212, 37, 208, 45], [83, 180, 130, 189, 47, 0, 78, 212], [180, 83, 212, 47, 130, 216, 37, 194], [83, 47, 200, 180, 130, 212, 208, 45], [42, 83, 180, 15, 47, 130, 37, 208], [83, 115, 180, 47, 185, 42, 130, 208], [83, 47, 115, 180, 221, 130, 26, 212], [83, 47, 130, 180, 212, 208, 200, 142], [47, 180, 195, 212, 76, 83, 45, 130], [83, 195, 45, 183, 0, 212, 76, 115], [83, 47, 45, 212, 130, 76, 43, 192]], "topk_probs": [[0.62798, 0.168359, 0.055519, 0.035846, 0.032638, 0.031143, 0.024636, 0.023878], [0.254369, 0.177578, 0.134043, 0.114653, 0.086545, 0.080041, 0.077578, 0.075191], [0.227553, 0.174471, 0.174471, 0.102566, 0.089111, 0.086369, 0.07273, 0.07273], [0.254307, 0.201173, 0.149499, 0.147182, 0.090676, 0.06634, 0.055864, 0.034959], [0.205536, 0.175804, 0.15759, 0.124664, 0.111748, 0.094101, 0.068846, 0.061713], [0.243227, 0.157039, 0.157039, 0.145237, 0.128171, 0.064449, 0.060544, 0.044295], [0.240237, 0.205485, 0.136883, 0.132671, 0.098593, 0.080469, 0.055306, 0.050356], [0.238144, 0.220248, 0.104038, 0.093259, 0.093259, 0.087608, 0.084913, 0.078532], [0.194837, 0.191816, 0.156556, 0.147071, 0.083798, 0.082499, 0.073952, 0.069471], [0.241971, 0.17703, 0.137871, 0.133629, 0.093288, 0.08494, 0.073797, 0.057473], [0.210104, 0.194314, 0.185416, 0.091787, 0.090364, 0.08489, 0.074915, 0.068211], [0.23301, 0.150443, 0.120884, 0.11356, 0.10836, 0.091248, 0.091248, 0.091248], [0.187421, 0.143701, 0.13712, 0.128813, 0.113677, 0.103504, 0.097233, 0.088532], [0.253055, 0.213093, 0.10715, 0.099098, 0.086097, 0.083449, 0.080881, 0.077177], [0.192492, 0.189508, 0.132298, 0.120459, 0.101436, 0.095291, 0.089517, 0.078999], [0.291739, 0.179735, 0.171505, 0.086238, 0.077303, 0.074925, 0.060204, 0.058351], [0.212375, 0.193369, 0.160309, 0.111914, 0.095725, 0.079359, 0.076917, 0.070034]], "entropy": 4.92184}, {"layer": 14, "logits_shape": [17, 256], "topk_experts": [[217, 57, 244, 211, 123, 136, 191, 181], [166, 88, 137, 189, 51, 244, 57, 71], [166, 54, 167, 52, 51, 160, 64, 189], [166, 54, 204, 160, 17, 71, 0, 52], [51, 166, 54, 137, 160, 52, 224, 204], [54, 230, 248, 204, 17, 166, 160, 71], [54, 248, 134, 136, 163, 204, 166, 71], [17, 54, 248, 193, 44, 26, 229, 21], [216, 54, 136, 55, 248, 230, 71, 113], [54, 248, 38, 134, 26, 55, 193, 160], [136, 54, 57, 55, 87, 248, 166, 113], [248, 21, 54, 87, 115, 132, 190, 134], [87, 54, 55, 191, 248, 166, 113, 136], [54, 38, 44, 51, 248, 132, 204, 160], [54, 44, 204, 248, 38, 21, 55, 51], [44, 248, 21, 54, 6, 132, 204, 115], [54, 44, 248, 204, 64, 51, 21, 160]], "topk_probs": [[0.722948, 0.060988, 0.048246, 0.039997, 0.034211, 0.033681, 0.030667, 0.029262], [0.245136, 0.200074, 0.135377, 0.110491, 0.102188, 0.074762, 0.067016, 0.064955], [0.283581, 0.201089, 0.093515, 0.092065, 0.090638, 0.085147, 0.079988, 0.073977], [0.202005, 0.192754, 0.175505, 0.096923, 0.093941, 0.084208, 0.080352, 0.074313], [0.206558, 0.197099, 0.144201, 0.103864, 0.102254, 0.097571, 0.094569, 0.053884], [0.187963, 0.173837, 0.148691, 0.110497, 0.102193, 0.099049, 0.093048, 0.084721], [0.320536, 0.1275, 0.110774, 0.105701, 0.090411, 0.090411, 0.077333, 0.077333], [0.20921, 0.202773, 0.162933, 0.105197, 0.092836, 0.083218, 0.076964, 0.066868], [0.277359, 0.173567, 0.126984, 0.095853, 0.091463, 0.080716, 0.078233, 0.075826], [0.21936, 0.163014, 0.160487, 0.115594, 0.106907, 0.094345, 0.072337, 0.067954], [0.168767, 0.151282, 0.131436, 0.123473, 0.121558, 0.107275, 0.107275, 0.088934], [0.194046, 0.176681, 0.158376, 0.103866, 0.099109, 0.09024, 0.088841, 0.088841], [0.180879, 0.140869, 0.136535, 0.126274, 0.120491, 0.118623, 0.089542, 0.086787], [0.25009, 0.17734, 0.129745, 0.123803, 0.118134, 0.067311, 0.067311, 0.066267], [0.268306, 0.184404, 0.128735, 0.103441, 0.084426, 0.079311, 0.076871, 0.074506], [0.257906, 0.154003, 0.129683, 0.127673, 0.091959, 0.08373, 0.081154, 0.073891], [0.28433, 0.180731, 0.11488, 0.095239, 0.084048, 0.084048, 0.080199, 0.076526]], "entropy": 4.961702}, {"layer": 15, "logits_shape": [17, 256], "topk_experts": [[225, 247, 218, 191, 117, 82, 48, 83], [228, 150, 229, 165, 248, 61, 148, 225], [147, 18, 225, 150, 204, 12, 242, 148], [147, 150, 204, 18, 6, 225, 92, 83], [147, 204, 162, 225, 165, 228, 242, 148], [18, 139, 248, 147, 227, 150, 69, 6], [139, 116, 228, 18, 227, 177, 147, 241], [139, 6, 244, 227, 117, 150, 18, 44], [82, 139, 227, 177, 228, 191, 6, 92], [139, 99, 227, 147, 90, 248, 145, 177], [139, 228, 227, 116, 99, 117, 254, 74], [139, 227, 183, 90, 228, 145, 141, 74], [228, 139, 191, 227, 141, 82, 147, 183], [139, 228, 147, 92, 90, 3, 204, 76], [139, 76, 103, 147, 3, 228, 204, 206], [139, 227, 53, 145, 74, 90, 147, 206], [139, 147, 76, 79, 227, 92, 3, 169]], "topk_probs": [[0.50663, 0.190799, 0.117548, 0.060983, 0.042573, 0.032136, 0.025822, 0.023511], [0.353112, 0.177556, 0.116444, 0.07879, 0.075182, 0.074016, 0.066348, 0.058552], [0.280824, 0.143431, 0.11525, 0.106589, 0.103309, 0.09705, 0.076773, 0.076773], [0.269333, 0.135429, 0.115839, 0.10882, 0.107133, 0.099082, 0.084749, 0.079615], [0.211279, 0.154575, 0.149819, 0.116679, 0.102969, 0.095231, 0.086709, 0.082738], [0.314513, 0.17369, 0.131108, 0.115703, 0.08465, 0.069089, 0.059095, 0.052151], [0.267528, 0.128361, 0.124412, 0.118715, 0.109793, 0.099968, 0.092455, 0.058768], [0.321509, 0.198076, 0.101167, 0.08257, 0.08003, 0.077568, 0.070626, 0.068453], [0.355675, 0.187428, 0.117289, 0.07692, 0.070037, 0.067882, 0.065793, 0.058977], [0.295327, 0.212716, 0.146198, 0.084613, 0.078254, 0.062879, 0.060944, 0.059069], [0.282527, 0.158483, 0.1443, 0.121513, 0.07969, 0.074862, 0.072559, 0.066066], [0.337094, 0.116497, 0.112912, 0.109438, 0.090728, 0.085231, 0.07405, 0.07405], [0.258528, 0.195147, 0.16433, 0.161783, 0.067441, 0.052523, 0.050907, 0.049341], [0.29004, 0.205669, 0.167862, 0.074488, 0.066771, 0.065736, 0.064717, 0.064717], [0.269609, 0.191181, 0.144311, 0.110647, 0.076047, 0.076047, 0.067111, 0.065046], [0.24476, 0.17087, 0.135169, 0.10527, 0.09146, 0.085919, 0.083275, 0.083275], [0.196112, 0.148033, 0.134785, 0.128613, 0.106624, 0.103344, 0.094095, 0.088394]], "entropy": 4.950874}, {"layer": 16, "logits_shape": [17, 256], "topk_experts": [[89, 245, 88, 166, 203, 16, 107, 141], [130, 252, 75, 28, 247, 60, 229, 166], [130, 252, 53, 247, 59, 51, 166, 28], [130, 190, 252, 172, 205, 247, 166, 160], [130, 252, 28, 152, 229, 51, 205, 147], [130, 230, 172, 183, 113, 152, 162, 233], [130, 144, 172, 113, 183, 175, 162, 166], [130, 183, 172, 113, 175, 162, 154, 191], [175, 63, 172, 130, 113, 183, 191, 166], [130, 172, 183, 63, 54, 78, 191, 230], [63, 175, 183, 130, 162, 191, 39, 172], [63, 183, 169, 191, 154, 162, 138, 230], [63, 183, 39, 172, 130, 191, 162, 193], [130, 147, 191, 172, 183, 252, 186, 195], [228, 130, 147, 191, 252, 45, 189, 158], [191, 230, 45, 228, 24, 195, 117, 82], [228, 191, 130, 252, 170, 28, 5, 72]], "topk_probs": [[0.849238, 0.031544, 0.027837, 0.027837, 0.02272, 0.017973, 0.011604, 0.011247], [0.228199, 0.18625, 0.124069, 0.124069, 0.122146, 0.080105, 0.080105, 0.055055], [0.36224, 0.179322, 0.084706, 0.084706, 0.07834, 0.071329, 0.070223, 0.069135], [0.315872, 0.158831, 0.135855, 0.105804, 0.078627, 0.073863, 0.072718, 0.05843], [0.371875, 0.14337, 0.111657, 0.094025, 0.079177, 0.077949, 0.066673, 0.055274], [0.307097, 0.183376, 0.152024, 0.114754, 0.071811, 0.063373, 0.060471, 0.047095], [0.263141, 0.14532, 0.118607, 0.114958, 0.107993, 0.096804, 0.077784, 0.075391], [0.202521, 0.184398, 0.11721, 0.105067, 0.103438, 0.101834, 0.095664, 0.089868], [0.329301, 0.184721, 0.105251, 0.098874, 0.081969, 0.080699, 0.062848, 0.056337], [0.208965, 0.193261, 0.148178, 0.115401, 0.09129, 0.088481, 0.084429, 0.069994], [0.18905, 0.164249, 0.14495, 0.118304, 0.101191, 0.09506, 0.09506, 0.092136], [0.207104, 0.182769, 0.133717, 0.131643, 0.093349, 0.090477, 0.090477, 0.070464], [0.210309, 0.158749, 0.142302, 0.125581, 0.116144, 0.08905, 0.086311, 0.071554], [0.265735, 0.197477, 0.110775, 0.10245, 0.096243, 0.090412, 0.073792, 0.063118], [0.389666, 0.154999, 0.092554, 0.086946, 0.07673, 0.069863, 0.065631, 0.063611], [0.205128, 0.178218, 0.143202, 0.122487, 0.103145, 0.096895, 0.075462, 0.075462], [0.178485, 0.172993, 0.165071, 0.111693, 0.104926, 0.095536, 0.086986, 0.08431]], "entropy": 4.824544}, {"layer": 17, "logits_shape": [17, 256], "topk_experts": [[96, 106, 26, 171, 150, 25, 125, 86], [248, 35, 185, 64, 125, 20, 241, 226], [185, 35, 89, 64, 248, 152, 241, 20], [69, 64, 185, 248, 125, 35, 1, 241], [64, 69, 35, 89, 248, 1, 115, 20], [69, 64, 126, 144, 98, 233, 35, 152], [69, 64, 185, 162, 144, 65, 233, 226], [69, 49, 144, 185, 64, 9, 98, 4], [69, 164, 144, 21, 64, 9, 233, 150], [69, 64, 233, 155, 218, 79, 236, 91], [69, 185, 249, 144, 247, 79, 91, 216], [69, 49, 185, 98, 226, 249, 144, 161], [69, 125, 249, 233, 91, 144, 9, 247], [69, 8, 64, 114, 1, 35, 115, 155], [69, 1, 114, 8, 64, 89, 102, 152], [69, 8, 114, 98, 152, 1, 19, 4], [69, 8, 64, 1, 250, 61, 89, 98]], "topk_probs": [[0.654964, 0.126971, 0.047445, 0.045986, 0.035258, 0.033644, 0.032609, 0.023123], [0.227771, 0.220763, 0.169265, 0.13815, 0.082493, 0.061304, 0.059418, 0.040837], [0.212459, 0.190447, 0.157886, 0.135047, 0.126865, 0.062803, 0.059927, 0.054564], [0.171149, 0.16078, 0.144122, 0.119481, 0.117629, 0.115805, 0.090189, 0.080845], [0.181583, 0.175996, 0.152908, 0.11187, 0.11187, 0.094204, 0.087124, 0.084444], [0.291049, 0.133252, 0.12715, 0.107071, 0.105411, 0.09449, 0.072448, 0.06913], [0.328574, 0.139127, 0.105019, 0.097126, 0.095621, 0.084385, 0.076833, 0.073315], [0.303898, 0.229394, 0.15044, 0.087068, 0.064704, 0.0637, 0.051185, 0.04961], [0.36822, 0.153497, 0.151117, 0.074808, 0.066018, 0.064995, 0.063987, 0.057358], [0.501915, 0.098833, 0.094307, 0.083226, 0.066874, 0.05544, 0.050479, 0.048926], [0.412174, 0.131739, 0.127685, 0.091968, 0.075062, 0.054917, 0.053227, 0.053227], [0.36105, 0.268309, 0.111848, 0.065752, 0.05451, 0.048105, 0.046625, 0.0438], [0.470104, 0.122634, 0.094027, 0.072093, 0.063622, 0.061664, 0.057928, 0.057928], [0.313262, 0.181302, 0.157518, 0.081719, 0.076768, 0.072117, 0.067748, 0.049565], [0.376364, 0.140637, 0.114785, 0.106158, 0.101297, 0.080133, 0.041572, 0.039054], [0.256757, 0.196862, 0.146296, 0.125133, 0.073562, 0.071299, 0.069105, 0.060985], [0.23673, 0.178693, 0.141358, 0.11009, 0.097154, 0.092705, 0.080543, 0.062727]], "entropy": 4.835851}, {"layer": 18, "logits_shape": [17, 256], "topk_experts": [[100, 201, 174, 94, 141, 75, 44, 172], [126, 13, 199, 217, 161, 134, 69, 155], [126, 43, 34, 199, 13, 176, 219, 99], [126, 176, 99, 44, 43, 199, 34, 13], [126, 176, 43, 13, 199, 77, 161, 44], [176, 69, 195, 199, 13, 77, 99, 117], [176, 97, 72, 99, 199, 195, 77, 44], [66, 99, 195, 176, 141, 77, 97, 94], [99, 176, 97, 44, 77, 195, 199, 72], [176, 6, 77, 69, 64, 188, 233, 99], [176, 99, 44, 72, 77, 130, 64, 195], [66, 176, 233, 77, 141, 64, 99, 123], [176, 99, 44, 77, 199, 146, 72, 151], [77, 176, 214, 91, 13, 6, 233, 64], [77, 214, 176, 91, 215, 13, 69, 133], [176, 77, 214, 233, 141, 91, 225, 116], [77, 176, 57, 91, 43, 50, 179, 187]], "topk_probs": [[0.735143, 0.082159, 0.037032, 0.030701, 0.030225, 0.028393, 0.028393, 0.027953], [0.245911, 0.166392, 0.140116, 0.104125, 0.094807, 0.087682, 0.08237, 0.078598], [0.280358, 0.178207, 0.143193, 0.116871, 0.081589, 0.074288, 0.06764, 0.057855], [0.353577, 0.182006, 0.113896, 0.112131, 0.073537, 0.0629, 0.052967, 0.048986], [0.342688, 0.217826, 0.11843, 0.080134, 0.066433, 0.063391, 0.057718, 0.053381], [0.330811, 0.127539, 0.121699, 0.102481, 0.082345, 0.082345, 0.082345, 0.070434], [0.385445, 0.121286, 0.112171, 0.102133, 0.075899, 0.069106, 0.06698, 0.06698], [0.259563, 0.147895, 0.13678, 0.13466, 0.104873, 0.09255, 0.066661, 0.057018], [0.252723, 0.184896, 0.133175, 0.097433, 0.095923, 0.085985, 0.080775, 0.069091], [0.275185, 